0,0,0
0,0,0
0,0,0
0,0,0
0,0,0
0,0,0
0,0,0
0,0,0
0,0,0
0,0,0
0,0,0
0,0,0
0,0,0
0,0,0
0,0,0
0,0,0
0,0,0
0,0,0
0,0,0
0,0,0
0,0,0
0,0,0
0,0,0
0,0,0
0,0,0
0,0,0
0,0,0
0,0,0
0,0,0
0,0,0
0,0,0
0,0,0
0,0,0
0,0,0
0,0,0
0,0,0
0,0,0
0,0,0
0,0,0
0,0,0
0,0,0
0,0,0
0,0,0
0,0,0
0,0,0
0,0,0
0,0,0
0,0,0
459,325,0
442,397,0
434,407,0
433,413,0
426,412,0
431,419,0
418,419,0
411,422,0
417,423,0
416,416,0
426,423,0
429,414,0
416,423,0
400,421,0
412,419,0
420,423,0
424,426,0
421,429,0
420,425,0
421,423,0
422,423,0
